 222.5 206
 309.5 206
 -194.5 204.5
 131 204.5
 59 201.5
 -338.5 200
 -124 200
 -43 198.5
 -283 197
 390.5 170
 435.5 120.5
 -79 108.5
 228.952 103.776
 303.5 104
 -143.5 102.5
 15.5 102.5
 141.5 99.5
 -181 92
 95 89
 -226 84.5
 -346 83
 -313 83
 -274 83
 342.5 56
 450.5 51.5
 351.5 2
 455 -29.5
 320 -62.5
 444.5 -97
 269 -109
 227 -142
 377 -169
 171.5 -173.5
 113 -184
 53 -191.5
 -171.366 -200.5
 -14.5 -202
 -88.63400000000001 -203.5
 338 -206.5
 -371.5 -208
 -305.5 -208
 -236.5 -208
 299 -232
 245 -257.5
 194 -286
 153.5 -295
 83 -299.5
 -8.5 -302.5
 -151 -305.5
 -301 -307
 -362.5 -308.5
 -247 -308.5
 -199 -308.5
 -88 -310
